quarter,stock,date,open,high,low,close,volume,percent_change_price,percent_change_volume_over_last_wk,previous_weeks_volume,next_weeks_open,next_weeks_close,percent_change_next_weeks_price,days_to_next_dividend,percent_return_next_dividend
2,AA,1301616000,17.13,17.8,17.02,17.47,103320396,1.98482,8.131838957,95550392,17.42,17.92,2.87026,41,0.171723
2,AA,1302220800,17.42,18.47,17.42,17.92,129237024,2.87026,25.08374823,103320396,18.06,16.52,-8.52713,34,0.167411
2,AA,1302825600,18.06,18.19,16.38,16.52,213061090,-8.52713,64.86072134,129237024,16.36,16.97,3.72861,27,0.181598
2,AA,1303344000,16.36,16.97,15.88,16.97,85235391,3.72861,-59.99485828,213061090,16.94,17,0.354191,21,0.176783
2,AA,1304035200,16.94,17.24,16.66,17,90831895,0.354191,6.565939259,85235391,17.27,17.15,-0.694847,13,0.176471
2,AA,1304640000,17.27,17.96,16.83,17.15,225053559,-0.694847,147.7693094,90831895,17.16,17.1,-0.34965,6,0.174927
2,AA,1305244800,17.16,17.62,16.75,17.1,111630753,-0.34965,-50.39813923,225053559,17,16.26,-4.35294,82,0.175439
2,AA,1305849600,17,17.29,16.26,16.26,118281015,-4.35294,5.957374488,111630753,15.96,16.48,3.25815,75,0.184502
2,AA,1306454400,15.96,16.48,15.83,16.48,77236662,3.25815,-34.70071085,118281015,16.73,15.92,-4.8416,68,0.182039
2,AA,1307059200,16.73,16.83,15.77,15.92,77152591,-4.8416,-0.108848567,77236662,15.92,15.28,-4.0201,61,0.188442
2,AA,1307664000,15.92,16.03,15.17,15.28,94970970,-4.0201,23.09498459,77152591,15.29,14.72,-3.72793,54,0.196335
2,AA,1308268800,15.29,15.5,14.59,14.72,111273573,-3.72793,17.16588027,94970970,14.67,15.23,3.81731,47,0.203804
2,AA,1308873600,14.67,15.6,14.56,15.23,99423717,3.81731,-10.64929945,111273573,15.22,16.31,7.16163,40,0.19698
2,AXP,1301616000,45.54,46.29,45.11,45.36,28738689,-0.395257,-6.687514765,30798332,45.61,46.28,1.46898,5,0.396825
2,AXP,1302220800,45.61,46.49,45.1,46.28,31114741,1.46898,8.267781457,28738689,46.36,46.25,-0.237274,82,0.388937
2,AXP,1302825600,46.36,46.95,45.6,46.25,29090940,-0.237274,-6.504315752,31114741,45.85,47.11,2.74809,75,0.389189
2,AXP,1303344000,45.85,47.48,45.27,47.11,22929313,2.74809,-21.18057031,29090940,47.19,49.08,4.00509,69,0.382084
2,AXP,1304035200,47.19,49.15,46.77,49.08,32470319,4.00509,41.61051838,22929313,49.37,50.2,1.68118,61,0.366748
2,AXP,1304640000,49.37,50.47,49.08,50.2,43997724,1.68118,35.50136049,32470319,50.06,49.49,-1.13863,54,0.358566
2,AXP,1305244800,50.06,50.46,49.22,49.49,35427164,-1.13863,-19.47955308,43997724,49.42,51.19,3.58155,47,0.36371
2,AXP,1305849600,49.42,51.97,49.17,51.19,36565612,3.58155,3.213488949,35427164,50.74,51.13,0.768624,40,0.351631
2,AXP,1306454400,50.74,51.38,49.79,51.13,26359875,0.768624,-27.91075123,36565612,51.39,49.28,-4.10586,33,0.352044
2,AXP,1307059200,51.39,51.7,49.04,49.28,25215640,-4.10586,-4.34082104,26359875,49.13,47.74,-2.82923,26,0.36526
2,AXP,1307664000,49.13,49.38,47.33,47.74,33828918,-2.82923,34.15847466,25215640,47.96,48.5,1.12594,19,0.377042
2,AXP,1308268800,47.96,49.14,46.92,48.5,37705374,1.12594,11.45900085,33828918,48.35,48.34,-0.0206825,12,0.371134
2,AXP,1308873600,48.35,50.15,48.15,48.34,34877916,-0.0206825,-7.498819664,37705374,48.49,52.34,7.93978,5,0.372362
2,BA,1301616000,73.5,74.85,73.03,74.01,20590618,0.693878,-15.69357356,24423545,73.38,73.47,0.122649,40,0.567491
2,BA,1302220800,73.38,74.85,72.71,73.47,21220138,0.122649,3.057314744,20590618,73.65,72.6,-1.42566,33,0.571662
2,BA,1302825600,73.65,74.28,70.88,72.6,19492289,-1.42566,-8.142496529,21220138,72.72,75.44,3.74037,26,0.578512
2,BA,1303344000,72.72,75.44,71.75,75.44,16947409,3.74037,-13.05582941,19492289,75.51,79.78,5.65488,20,0.556734
2,BA,1304035200,75.51,80.34,74.68,79.78,30503034,5.65488,79.98641562,16947409,80.35,79.31,-1.29434,12,0.526448
2,BA,1304640000,80.35,80.65,78.09,79.31,25394946,-1.29434,-16.74616368,30503034,79.31,79.03,-0.353045,5,0.529568
2,BA,1305244800,79.31,80.42,78.48,79.03,18368201,-0.353045,-27.66985604,25394946,78.66,77.52,-1.44928,89,0.531444
2,BA,1305849600,78.66,78.81,75.83,77.52,19990094,-1.44928,8.829895753,18368201,76.55,76.99,0.574788,82,0.541796
2,BA,1306454400,76.55,76.99,75.13,76.99,15886795,0.574788,-20.52666186,19990094,77.8,74.84,-3.80463,75,0.545525
2,BA,1307059200,77.8,78.35,74.09,74.84,17813730,-3.80463,12.12916136,15886795,74.76,72.69,-2.76886,68,0.561197
2,BA,1307664000,74.76,75.27,72.61,72.69,18574466,-2.76886,4.270503707,17813730,73.06,74.16,1.50561,61,0.577796
2,BA,1308268800,73.06,75.51,72.69,74.16,25381159,1.50561,36.64543035,18574466,73.96,71.26,-3.65062,54,0.566343
2,BA,1308873600,73.96,75.02,70.29,71.26,30675314,-3.65062,20.85860224,25381159,71.44,74.27,3.96137,47,0.589391
2,BAC,1301616000,13.42,13.61,13.16,13.37,499672763,-0.372578,-30.37656568,717678994,13.4,13.48,0.597015,61,0.0747943
2,BAC,1302220800,13.4,13.88,13.37,13.48,480033181,0.597015,-3.930488803,499672763,13.5,12.82,-5.03704,54,0.074184
2,BAC,1302825600,13.5,13.64,12.82,12.82,670594575,-5.03704,39.69754624,480033181,12.59,12.31,-2.22399,47,0.0780031
2,BAC,1303344000,12.59,12.6,12.15,12.31,624897506,-2.22399,-6.814410779,670594575,12.32,12.28,-0.324675,41,0.0812348
2,BAC,1304035200,12.32,12.6,12.23,12.28,557530217,-0.324675,-10.78053414,624897506,12.36,12.31,-0.404531,33,0.0814332
2,BAC,1304640000,12.36,12.71,12.2,12.31,577232010,-0.404531,3.533762368,557530217,12.28,11.93,-2.85016,26,0.0812348
2,BAC,1305244800,12.28,12.43,11.91,11.93,623724296,-2.85016,8.054349931,577232010,11.89,11.58,-2.60723,19,0.0838223
2,BAC,1305849600,11.89,12.11,11.53,11.58,658968285,-2.60723,5.650571771,623724296,11.47,11.69,1.91805,12,0.0863558
2,BAC,1306454400,11.47,11.69,11.29,11.69,479389107,1.91805,-27.25156614,658968285,11.87,11.28,-4.97051,5,0.0855432
2,BAC,1307059200,11.87,11.92,11.08,11.28,596420503,-4.97051,24.41261061,479389107,11.18,10.8,-3.39893,89,0.0886525
2,BAC,1307664000,11.18,11.2,10.41,10.8,873241317,-3.39893,46.41369849,596420503,10.89,10.68,-1.92837,82,0.0925926
2,BAC,1308268800,10.89,11.12,10.4,10.68,889460755,-1.92837,1.857383255,873241317,10.59,10.52,-0.661001,75,0.093633
2,BAC,1308873600,10.59,10.94,10.48,10.52,603098073,-0.661001,-32.19508903,889460755,10.52,11.09,5.41825,68,0.095057
2,CAT,1301616000,109.54,113.59,108.61,113.12,28116391,3.26821,-25.69164534,37837456,113.75,109.82,-3.45495,19,0.388967
2,CAT,1302220800,113.75,113.93,108.88,109.82,28772937,-3.45495,2.335100547,28116391,110.02,107.21,-2.55408,12,0.400656
2,CAT,1302825600,110.02,110.3,105.35,107.21,30697889,-2.55408,6.690147759,28772937,105.58,109.42,3.63705,5,0.410409
2,CAT,1303344000,105.58,109.42,102.16,109.42,23938892,3.63705,-22.01779087,30697889,109.24,115.41,5.64811,88,0.420398
2,CAT,1304035200,109.24,116.25,107.95,115.41,34522949,5.64811,44.21281068,23938892,116.24,110.34,-5.07571,80,0.398579
2,CAT,1304640000,116.24,116.55,108.39,110.34,39678464,-5.07571,14.93358809,34522949,110.8,106.33,-4.0343,73,0.416893
2,CAT,1305244800,110.8,112.97,106.02,106.33,38211403,-4.0343,-3.697373467,39678464,105.87,104.33,-1.45461,66,0.432615
2,CAT,1305849600,105.87,108.27,101.47,104.33,54274252,-1.45461,42.03679462,38211403,101.3,104.6,3.25765,59,0.440909
2,CAT,1306454400,101.3,104.6,100.3,104.6,30213720,3.25765,-44.33139309,54274252,106.41,101.1,-4.99013,52,0.439771
2,CAT,1307059200,106.41,106.6,99.15,101.1,35887587,-4.99013,18.77910764,30213720,100.25,96.79,-3.45137,45,0.454995
2,CAT,1307664000,100.25,101.61,96.42,96.79,40431926,-3.45137,12.66270424,35887587,96.93,95.95,-1.01104,38,0.475256
2,CAT,1308268800,96.93,98.45,94.2,95.95,43606429,-1.01104,7.851476084,40431926,96.49,100.01,3.64805,31,0.479416
2,CAT,1308873600,96.49,102.5,96.05,100.01,43722864,3.64805,0.26701338,43606429,99.96,108.62,8.66347,24,0.459954
2,CSCO,1301616000,17.36,17.6,16.99,17.04,308644641,-1.84332,8.458427651,284574143,17.01,17.65,3.76249,95,0.352113
2,CSCO,1302220800,17.01,18.29,17,17.65,539982011,3.76249,74.95266053,308644641,17.71,17.03,-3.83964,88,0.339943
2,CSCO,1302825600,17.71,17.76,16.97,17.03,324203125,-3.83964,-39.96038416,539982011,16.88,16.94,0.35545,81,0.352319
2,CSCO,1303344000,16.88,16.96,16.52,16.94,249420898,0.35545,-23.06647322,324203125,16.93,17.52,3.48494,75,0.354191
2,CSCO,1304035200,16.93,17.64,16.9,17.52,412492845,3.48494,65.38022608,249420898,17.51,17.56,0.285551,67,0.342466
2,CSCO,1304640000,17.51,17.7,17.28,17.56,290282402,0.285551,-29.62728796,412492845,17.53,16.88,-3.70793,60,0.341686
2,CSCO,1305244800,17.53,17.99,16.64,16.88,563552552,-3.70793,94.13941325,290282402,16.82,16.53,-1.72414,53,0.35545
2,CSCO,1305849600,16.82,16.87,16.34,16.53,371711669,-1.72414,-34.04134758,563552552,16.41,16.46,0.304692,46,0.362976
2,CSCO,1306454400,16.41,16.46,16.11,16.46,235050333,0.304692,-36.76541454,371711669,16.59,16.01,-3.49608,39,0.36452
2,CSCO,1307059200,16.59,16.82,15.98,16.01,256069538,-3.49608,8.942427237,235050333,16.04,15.12,-5.73566,32,0.374766
2,CSCO,1307664000,16.04,16.17,15.01,15.12,412198054,-5.73566,60.9711398,256069538,15.14,14.97,-1.12285,25,0.396825
2,CSCO,1308268800,15.14,15.28,14.78,14.97,401380782,-1.12285,-2.624289924,412198054,14.94,14.93,-0.0669344,18,0.400802
2,CSCO,1308873600,14.94,15.64,14.92,14.93,429730443,-0.0669344,7.063033975,401380782,14.94,15.86,6.15797,11,0.401875
2,CVX,1301616000,106.4,109.65,105.52,108.32,35824123,1.80451,-9.55032801,39606692,108.52,109.66,1.0505,47,0.673929
2,CVX,1302220800,108.52,109.94,107.51,109.66,31958307,1.0505,-10.79109738,35824123,109.74,106.24,-3.18936,40,0.665694
2,CVX,1302825600,109.74,109.9,103.13,106.24,42617245,-3.18936,33.35263661,31958307,104.95,108.13,3.03001,33,0.687124
2,CVX,1303344000,104.95,108.34,103.04,108.13,18873837,3.03001,-55.71314617,42617245,107.37,109.44,1.92791,27,0.675113
2,CVX,1304035200,107.37,109.6,106.68,109.44,28004621,1.92791,48.37799542,18873837,109.48,102.88,-6.0285,19,0.667032
2,CVX,1304640000,109.48,109.57,101.11,102.88,44930373,-6.0285,60.43913967,28004621,103.25,102.39,-0.83293,12,0.709565
2,CVX,1305244800,103.25,104.95,100.41,102.39,43103424,-0.83293,-4.066178129,44930373,102.03,102.57,0.529256,5,0.71296
2,CVX,1305849600,102.03,104.53,99.61,102.57,39951901,0.529256,-7.311537478,43103424,101.13,103.21,2.05676,89,0.711709
2,CVX,1306454400,101.13,103.86,100.7,103.21,28858240,2.05676,-27.76754228,39951901,104.61,101,-3.45091,82,0.707296
2,CVX,1307059200,104.61,105.21,99.57,101,32206213,-3.45091,11.60144555,28858240,100.9,99.67,-1.21903,75,0.722772
2,CVX,1307664000,100.9,101.87,98.98,99.67,35612426,-1.21903,10.57626055,32206213,100.04,99.17,-0.869652,68,0.732417
2,CVX,1308268800,100.04,101.29,97.71,99.17,44845243,-0.869652,25.92582993,35612426,98.88,97.9,-0.9911,61,0.73611
2,CVX,1308873600,98.88,102.46,97,97.9,42615162,-0.9911,-4.972837364,44845243,97.94,104.09,6.27935,54,0.745659
2,DD,1301616000,54.11,55.8,53.7,55.19,23341552,1.99593,-4.590377398,24464568,55.5,55.4,-0.18018,40,0.742888
2,DD,1302220800,55.5,56.52,55,55.4,19685778,-0.18018,-15.66208622,23341552,55.45,54.89,-1.00992,33,0.740072
2,DD,1302825600,55.45,55.81,53.17,54.89,24059673,-1.00992,22.21855291,19685778,54.28,55.91,3.00295,26,0.746948
2,DD,1303344000,54.28,56,53.19,55.91,15537427,3.00295,-35.42128773,24059673,55.69,56.79,1.97522,20,0.733321
2,DD,1304035200,55.69,56.88,54.54,56.79,27349183,1.97522,76.02131292,15537427,56.42,54.63,-3.17263,12,0.721958
2,DD,1304640000,56.42,57,53.59,54.63,27498887,-3.17263,0.547380154,27349183,54.94,52.91,-3.69494,5,0.750503
2,DD,1305244800,54.94,56.13,52.55,52.91,27207924,-3.69494,-1.058090097,27498887,52.74,52.74,0,90,0.774901
2,DD,1305849600,52.74,54,51.92,52.74,27511651,0,1.116318173,27207924,51.75,52.56,1.56522,83,0.777399
2,DD,1306454400,51.75,52.56,50.5,52.56,24845668,1.56522,-9.690378087,27511651,53.18,50.29,-5.43437,76,0.780061
2,DD,1307059200,53.18,53.39,50.11,50.29,25203572,-5.43437,1.440508663,24845668,50.3,49.78,-1.0338,69,0.815271
2,DD,1307664000,50.3,50.9,49.52,49.78,28186429,-1.0338,11.83505655,25203572,50.03,49.57,-0.919448,62,0.823624
2,DD,1308268800,50.03,50.63,48.64,49.57,36027620,-0.919448,27.81902951,28186429,49.5,51.96,4.9697,55,0.827113
2,DD,1308873600,49.5,51.98,49.46,51.96,34797906,4.9697,-3.413253498,36027620,51.85,54.47,5.05304,48,0.789069
2,DIS,1301616000,43.19,43.48,42.36,42.85,34130223,-0.787219,-16.13448039,40696371,42.87,41.76,-2.58922,252,0.933489
2,DIS,1302220800,42.87,43.05,41.4,41.76,39055258,-2.58922,14.43012839,34130223,41.76,41.52,-0.574713,245,0.957854
2,DIS,1302825600,41.76,42.02,40.84,41.52,40820710,-0.574713,4.52039518,39055258,40.97,42.27,3.17305,238,0.963391
2,DIS,1303344000,40.97,42.46,40.45,42.27,24312043,3.17305,-40.44189089,40820710,42.34,43.1,1.79499,232,0.946298
2,DIS,1304035200,42.34,43.35,41.71,43.1,30122091,1.79499,23.89781887,24312043,43.47,43.06,-0.943179,224,0.928074
2,DIS,1304640000,43.47,43.79,42.3,43.06,35369886,-0.943179,17.42174871,30122091,43.32,41.52,-4.15512,217,0.928936
2,DIS,1305244800,43.32,44.12,40.94,41.52,78855110,-4.15512,122.9442017,35369886,41.26,41.5,0.581677,210,0.963391
2,DIS,1305849600,41.26,41.84,40.68,41.5,50988843,0.581677,-35.33856842,78855110,41.15,41.52,0.899149,203,0.963855
2,DIS,1306454400,41.15,41.52,40.55,41.52,34651349,0.899149,-32.04131147,50988843,41.9,39.38,-6.01432,196,0.963391
2,DIS,1307059200,41.9,41.99,39.17,39.38,52169227,-6.01432,50.55467826,34651349,39.18,38.5,-1.73558,189,1.01574
2,DIS,1307664000,39.18,39.88,38.42,38.5,49099516,-1.73558,-5.884141239,52169227,38.63,38.04,-1.52731,182,1.03896
2,DIS,1308268800,38.63,38.86,37.77,38.04,54513950,-1.52731,11.02746919,49099516,37.85,37.58,-0.713342,175,1.05152
2,DIS,1308873600,37.85,38.89,37.19,37.58,50409504,-0.713342,-7.529166388,54513950,37.62,39.72,5.58214,168,1.0644
2,GE,1301616000,19.81,20.5,19.53,20.34,207897262,2.67542,-8.744575169,227819072,20.73,20.19,-2.60492,76,0.688299
2,GE,1302220800,20.73,20.75,20.07,20.19,238618636,-2.60492,14.77719028,207897262,20.24,20.04,-0.988142,69,0.693413
2,GE,1302825600,20.24,20.37,19.6,20.04,212315926,-0.988142,-11.02290686,238618636,19.77,19.95,0.91047,62,0.698603
2,GE,1303344000,19.77,20.54,19.51,19.95,182835072,0.91047,-13.88537099,212315926,20.14,20.45,1.53923,56,0.701754
2,GE,1304035200,20.14,20.85,19.89,20.45,280299000,1.53923,53.30701978,182835072,20.7,20.01,-3.33333,48,0.684597
2,GE,1304640000,20.7,20.71,19.81,20.01,235180053,-3.33333,-16.09672064,280299000,19.97,19.89,-0.400601,41,0.69965
2,GE,1305244800,19.97,20.42,19.76,19.89,195448891,-0.400601,-16.8939336,235180053,19.85,19.62,-1.15869,34,0.703871
2,GE,1305849600,19.85,20.05,19.41,19.62,228297982,-1.15869,16.8069979,195448891,19.32,19.44,0.621118,27,0.713558
2,GE,1306454400,19.32,19.52,18.97,19.44,169411364,0.621118,-25.79375318,228297982,19.68,18.82,-4.36992,20,0.720165
2,GE,1307059200,19.68,19.72,18.75,18.82,207576381,-4.36992,22.52801471,169411364,18.71,18.32,-2.08445,13,0.74389
2,GE,1307664000,18.71,18.8,18.14,18.32,260898990,-2.08445,25.68818704,207576381,18.31,18.49,0.983069,6,0.764192
2,GE,1308268800,18.31,18.9,18.2,18.49,261979707,0.983069,0.414228127,260898990,18.34,17.97,-2.01745,90,0.811249
2,GE,1308873600,18.34,18.94,17.97,17.97,295978977,-2.01745,12.9778258,261979707,18,19.2,6.66667,83,0.834725
2,HD,1301616000,37.46,37.87,36.62,37.56,52881329,0.266951,31.09707946,40337534,37.48,37.46,-0.0533618,74,0.665602
2,HD,1302220800,37.48,37.96,37.21,37.46,47021433,-0.0533618,-11.08121923,52881329,37.45,38.17,1.92256,67,0.667379
2,HD,1302825600,37.45,38.4,37.17,38.17,42983064,1.92256,-8.588357994,47021433,37.7,37.8,0.265252,60,0.654965
2,HD,1303344000,37.7,38.5,37.2,37.8,24190528,0.265252,-43.72079198,42983064,37.61,37.15,-1.22308,54,0.661376
2,HD,1304035200,37.61,37.71,36.94,37.15,61019095,-1.22308,152.2437501,24190528,37.44,36.99,-1.20192,46,0.672948
2,HD,1304640000,37.44,37.67,36.77,36.99,52439439,-1.20192,-14.0606084,61019095,36.93,37.01,0.216626,39,0.675858
2,HD,1305244800,36.93,37.43,36.7,37.01,41391929,0.216626,-21.06717808,52439439,36.69,37.05,0.981194,32,0.675493
2,HD,1305849600,36.69,37.94,36.55,37.05,53378802,0.981194,28.95944521,41391929,36,36,0,25,0.674764
2,HD,1306454400,36,37,36,36,40673778,0,-23.80162822,53378802,36.18,34.63,-4.28413,18,0.694444
2,HD,1307059200,36.18,36.28,34.43,34.63,39307513,-4.28413,-3.359080634,40673778,34.53,33.47,-3.06979,11,0.721917
2,HD,1307664000,34.53,35.02,33.42,33.47,45606663,-3.06979,16.02530794,39307513,33.46,34.53,3.19785,4,0.746938
2,HD,1308268800,33.46,34.93,33.41,34.53,76297124,3.19785,67.29380968,45606663,34.29,35.08,2.30388,74,0.724008
2,HD,1308873600,34.29,35.69,34.28,35.08,65416820,2.30388,-14.26043792,76297124,35.03,36.73,4.85298,67,0.712657
2,HPQ,1301616000,42.42,42.83,37.6,40.98,90069975,-3.39463,15.34218914,78089358,40.65,40.7,0.123001,73,0.317228
2,HPQ,1302220800,40.65,41.8,40.2,40.7,87672936,0.123001,-2.6613075,90069975,40.71,40.26,-1.10538,66,0.31941
2,HPQ,1302825600,40.71,41.55,40.12,40.26,70321527,-1.10538,-19.79106642,87672936,39.96,40.99,2.57758,59,0.322901
2,HPQ,1303344000,39.96,41.19,39.16,40.99,46244533,2.57758,-34.23844024,70321527,41.06,40.37,-1.68047,53,0.317151
2,HPQ,1304035200,41.06,41.3,39.99,40.37,82362537,-1.68047,78.10221373,46244533,40.69,40.81,0.294913,45,0.322021
2,HPQ,1304640000,40.69,41.52,39.8,40.81,70249698,0.294913,-14.70673372,82362537,40.79,40.41,-0.931601,38,0.318549
2,HPQ,1305244800,40.79,41.74,40.22,40.41,63498759,-0.931601,-9.609918892,70249698,40.2,35.98,-10.4975,31,0.321703
2,HPQ,1305849600,40.2,40.34,35.91,35.98,217523955,-10.4975,242.5641043,63498759,35.58,36.96,3.87858,24,0.361312
2,HPQ,1306454400,35.58,36.96,35.44,36.96,106507716,3.87858,-51.03632793,217523955,37.28,36.11,-3.13841,17,0.351732
2,HPQ,1307059200,37.28,37.52,36,36.11,79313559,-3.13841,-25.53256987,106507716,35.99,35.25,-2.05613,10,0.360011
2,HPQ,1307664000,35.99,36.24,35.14,35.25,74301015,-2.05613,-6.31990805,79313559,35.13,35,-0.370054,3,0.368794
2,HPQ,1308268800,35.13,35.32,33.95,35,134346312,-0.370054,80.81356224,74301015,34.79,34.9,0.316183,87,0.342857
2,HPQ,1308873600,34.79,35.65,34.55,34.9,102774442,0.316183,-23.50036226,134346312,35.05,37.05,5.70613,80,0.34384
2,IBM,1301616000,161.54,164.42,161.12,164.27,19081936,1.68998,-24.82037517,25381792,164.42,164.05,-0.225033,35,0.456565
2,IBM,1302220800,164.42,164.75,163.16,164.05,17615408,-0.225033,-7.68542563,19081936,163.44,166.21,1.69481,28,0.457178
2,IBM,1302825600,163.44,166.34,162.3,166.21,22183383,1.69481,25.93170138,17615408,164.64,168.28,2.21088,21,0.451236
2,IBM,1303344000,164.64,168.28,162.19,168.28,23662621,2.21088,6.668225491,22183383,167.65,170.58,1.74769,15,0.445686
2,IBM,1304035200,167.65,173,167.23,170.58,26829625,1.74769,13.38399495,23662621,172.11,168.89,-1.8709,7,0.439676
2,IBM,1304640000,172.11,173.54,167.5,168.89,29480567,-1.8709,9.88065245,26829625,168.39,169.92,0.908605,0,0.444076
2,IBM,1305244800,168.39,172.77,167.82,169.92,23505533,0.908605,-20.26770381,29480567,169.81,170.16,0.206113,87,0.441384
2,IBM,1305849600,169.81,171.41,166.53,170.16,26027660,0.206113,10.72992899,23505533,168.5,167.5,-0.593472,80,0.440762
2,IBM,1306454400,168.5,168.6,165.9,167.5,19453763,-0.593472,-25.2573493,26027660,168.44,165.05,-2.01259,73,0.447761
2,IBM,1307059200,168.44,169.89,164.13,165.05,23349972,-2.01259,20.02804804,19453763,164.76,163.18,-0.958971,66,0.454408
2,IBM,1307664000,164.76,165.96,162.87,163.18,20646079,-0.958971,-11.57985543,23349972,164.44,164.44,0,59,0.459615
2,IBM,1308268800,164.44,165.1,161.52,164.44,29390025,0,42.35160584,20646079,163.7,165.07,0.836897,52,0.456093
2,IBM,1308873600,163.7,166.81,163.59,165.07,22984546,0.836897,-21.79473818,29390025,165.74,174.54,5.30952,45,0.454353
2,INTC,1301616000,20.44,20.66,19.56,19.72,321390635,-3.5225,40.25291453,229150771,19.79,20.02,1.1622,33,0.912779
2,INTC,1302220800,19.79,20.2,19.36,20.02,286343950,1.1622,-10.90470013,321390635,20.07,19.75,-1.59442,26,0.899101
2,INTC,1302825600,20.07,20.2,19.41,19.75,231298341,-1.59442,-19.2235977,286343950,19.53,21.46,9.88223,19,0.911392
2,INTC,1303344000,19.53,21.46,19.45,21.46,302470339,9.88223,30.77064785,231298341,21.37,23.15,8.32943,13,0.83877
2,INTC,1304035200,21.37,23.19,21.33,23.15,466579710,8.32943,54.25635173,302470339,23.02,23.25,0.999131,5,0.777538
2,INTC,1304640000,23.02,23.86,22.67,23.25,513891027,0.999131,10.14002881,466579710,23.13,23.41,1.21055,89,0.903226
2,INTC,1305244800,23.13,23.83,22.65,23.41,344755154,1.21055,-32.9127897,513891027,23.32,23.22,-0.428816,82,0.897053
2,INTC,1305849600,23.32,23.96,23.08,23.22,387571150,-0.428816,12.41924755,344755154,22.92,22.21,-3.09773,75,0.904393
2,INTC,1306454400,22.92,23.03,22.21,22.21,210446967,-3.09773,-45.70107527,387571150,22.45,21.73,-3.20713,68,0.94552
2,INTC,1307059200,22.45,22.64,21.67,21.73,222978209,-3.20713,5.954584273,210446967,21.8,21.38,-1.92661,61,0.966406
2,INTC,1307664000,21.8,22.44,21.26,21.38,249719951,-1.92661,11.99298448,222978209,21.43,21.19,-1.11993,54,0.982226
2,INTC,1308268800,21.43,26.78,21.07,21.19,294273143,-1.11993,17.84126251,249719951,21.19,21.2,0.0471921,47,0.991033
2,INTC,1308873600,21.19,21.74,21.06,21.2,309031457,0.0471921,5.015175306,294273143,21.17,22.53,6.42419,40,0.990566
2,JNJ,1301616000,58.98,59.73,58.93,59.49,48029143,0.8647,1.118242873,47498000,59.5,59.46,-0.0672269,55,0.958144
2,JNJ,1302220800,59.5,60.18,59.25,59.46,47141409,-0.0672269,-1.848323631,48029143,59.54,60.56,1.71313,48,0.958628
2,JNJ,1302825600,59.54,60.95,59.49,60.56,58631682,1.71313,24.37405509,47141409,60.45,64.07,5.98842,41,0.941215
2,JNJ,1303344000,60.45,64.54,60.1,64.07,72888066,5.98842,24.31515439,58631682,63.65,65.72,3.25216,35,0.889652
2,JNJ,1304035200,63.65,65.98,63.4,65.72,70745990,3.25216,-2.938856959,72888066,65.92,65.27,-0.986044,27,0.867316
2,JNJ,1304640000,65.92,66.46,64.8,65.27,68840083,-0.986044,-2.694014177,70745990,65.11,66.62,2.31915,20,0.873295
2,JNJ,1305244800,65.11,67.37,65.07,66.62,66040498,2.31915,-4.066794922,68840083,66.41,65.69,-1.08417,13,0.855599
2,JNJ,1305849600,66.41,66.79,65.28,65.69,53385097,-1.08417,-19.16309141,66040498,65.19,66.77,2.42368,6,0.867712
2,JNJ,1306454400,65.19,66.77,65.08,66.77,49866786,2.42368,-6.590436653,53385097,67.31,66.09,-1.81251,91,0.853677
2,JNJ,1307059200,67.31,67.34,65.8,66.09,47426009,-1.81251,-4.89459457,49866786,65.87,66.09,0.333991,84,0.86246
2,JNJ,1307664000,65.87,67.28,65.18,66.09,52231924,0.333991,10.1335008,47426009,66.32,66.29,-0.0452352,77,0.86246
2,JNJ,1308268800,66.32,67.36,65.47,66.29,58201928,-0.0452352,11.42979914,52231924,66.08,65.06,-1.54358,70,0.859858
2,JNJ,1308873600,66.08,66.75,64.69,65.06,56535090,-1.54358,-2.863887945,58201928,65.2,67.3,3.22086,63,0.876114
2,JPM,1301616000,46.1,46.88,45.51,46.35,112702290,0.542299,-4.456746206,117959443,46.12,46.84,1.56114,3,0.539374
2,JPM,1302220800,46.12,47.8,46.05,46.84,121937602,1.56114,8.194431542,112702290,47,44.89,-4.48936,84,0.533732
2,JPM,1302825600,47,47.37,44.83,44.89,186017520,-4.48936,52.55140084,121937602,44.27,44.68,0.926135,77,0.556917
2,JPM,1303344000,44.27,44.97,43.53,44.68,113261188,0.926135,-39.11262337,186017520,44.65,45.63,2.19485,71,0.559534
2,JPM,1304035200,44.65,46.02,44.38,45.63,107332185,2.19485,-5.234805589,113261188,45.94,45.04,-1.95908,63,0.547885
2,JPM,1304640000,45.94,46.07,44.76,45.04,131213937,-1.95908,22.25031755,107332185,44.75,43.15,-3.57542,56,0.555062
2,JPM,1305244800,44.75,45.5,42.98,43.15,137013704,-3.57542,4.420084583,131213937,42.97,43.13,0.372353,49,0.579374
2,JPM,1305849600,42.97,44.35,42.65,43.13,145114846,0.372353,5.912650898,137013704,42.4,42.79,0.919811,42,0.579643
2,JPM,1306454400,42.4,42.92,41.69,42.79,119828886,0.919811,-17.42479195,145114846,43.24,41.57,-3.86216,35,0.584249
2,JPM,1307059200,43.24,43.38,40.83,41.57,145187926,-3.86216,21.1627103,119828886,41.1,41.05,-0.121655,28,0.601395
2,JPM,1307664000,41.1,41.5,40.1,41.05,194764785,-0.121655,34.14668173,145187926,41.29,40.8,-1.18673,21,0.609013
2,JPM,1308268800,41.29,42.44,39.7,40.8,183560880,-1.18673,-5.752531188,194764785,40.5,39.49,-2.49383,14,0.612745
2,JPM,1308873600,40.5,41.53,39.44,39.49,167589521,-2.49383,-8.700851184,183560880,39.4,41.58,5.53299,7,0.633072
2,KRFT,1301616000,31.35,31.7,31.06,31.61,38759730,0.829346,-7.623429578,41958399,31.71,31.67,-0.126143,88,0.917431
2,KRFT,1302220800,31.71,31.88,31.35,31.67,34314135,-0.126143,-11.46962324,38759730,31.73,33.36,5.13709,81,0.915693
2,KRFT,1302825600,31.73,33.54,31.69,33.36,71530535,5.13709,108.4579285,34314135,32.72,33.38,2.01711,74,0.869305
2,KRFT,1303344000,32.72,33.67,32.7,33.38,33399240,2.01711,-53.30771677,71530535,33.45,33.59,0.418535,68,0.868784
2,KRFT,1304035200,33.45,33.9,33,33.59,42547809,0.418535,27.39154843,33399240,33.6,34.08,1.42857,60,0.863352
2,KRFT,1304640000,33.6,34.49,33.22,34.08,58969733,1.42857,38.5964034,42547809,33.81,34.89,3.19432,53,0.850939
2,KRFT,1305244800,33.81,35.1,33.8,34.89,47572999,3.19432,-19.32641275,58969733,34.84,35.23,1.1194,46,0.831184
2,KRFT,1305849600,34.84,35.44,34.48,35.23,48017488,1.1194,0.934330417,47572999,34.97,34.75,-0.629111,39,0.823162
2,KRFT,1306454400,34.97,35.06,34.28,34.75,31660711,-0.629111,-34.06420802,48017488,34.79,34.1,-1.98333,32,0.834532
2,KRFT,1307059200,34.79,35,34.05,34.1,38915498,-1.98333,22.91416324,31660711,34.07,33.79,-0.821837,25,0.85044
2,KRFT,1307664000,34.07,34.39,24.3,33.79,43535139,-0.821837,11.87095434,38915498,33.92,34.48,1.65094,18,0.858242
2,KRFT,1308268800,33.92,34.72,33.76,34.48,44641104,1.65094,2.540396161,43535139,34.39,34.6,0.610643,11,0.841067
2,KRFT,1308873600,34.39,34.98,33.87,34.6,39770714,0.610643,-10.91010204,44641104,34.61,35.47,2.48483,4,0.83815
2,KO,1301616000,65.2,67.48,65.03,67.22,39265955,3.09816,31.5291065,29853434,67.22,67.27,0.0743826,73,0.699197
2,KO,1302220800,67.22,67.82,66.86,67.27,32024467,0.0743826,-18.44215428,39265955,67.25,68.01,1.13011,66,0.698677
2,KO,1302825600,67.25,68.47,66.41,68.01,40595470,1.13011,26.76392085,32024467,67.57,67.88,0.458783,59,0.691075
2,KO,1303344000,67.57,68.05,66.64,67.88,19831270,0.458783,-51.14905678,40595470,67.95,67.46,-0.721118,53,0.692398
2,KO,1304035200,67.95,67.98,65.81,67.46,44603365,-0.721118,124.9143146,19831270,67.76,66.9,-1.26919,45,0.696709
2,KO,1304640000,67.76,67.93,66.4,66.9,33947562,-1.26919,-23.8901325,44603365,66.86,68.18,1.97427,38,0.702541
2,KO,1305244800,66.86,68.77,66.83,68.18,32166394,1.97427,-5.246821554,33947562,68.1,68.3,0.293686,31,0.689352
2,KO,1305849600,68.1,68.7,67.5,68.3,32520067,0.293686,1.099510875,32166394,67.59,66.51,-1.59787,24,0.688141
2,KO,1306454400,67.59,67.9,66.3,66.51,26066805,-1.59787,-19.84393821,32520067,66.94,65.53,-2.10636,17,0.706661
2,KO,1307059200,66.94,67.24,65.21,65.53,31192400,-2.10636,19.66330358,26066805,65.51,65.39,-0.183178,10,0.717229
2,KO,1307664000,65.51,68.05,65.07,65.39,30422351,-0.183178,-2.468707121,31192400,65.1,65.62,0.798771,3,0.718764
2,KO,1308268800,65.1,66.23,64.64,65.62,43194922,0.798771,41.98416815,30422351,65.37,64.93,-0.673092,88,0.716245
2,KO,1308873600,65.37,66.82,64.43,64.93,49806614,-0.673092,15.30664183,43194922,64.85,68.09,4.99614,81,0.723856
2,MCD,1301616000,75.55,76.5,74.87,75.99,17977737,0.582396,-24.7082759,23877441,76.31,76.04,-0.35382,56,0.802737
2,MCD,1302220800,76.31,76.91,75.66,76.04,22337802,-0.35382,24.25257973,17977737,76.15,77.38,1.61523,49,0.802209
2,MCD,1302825600,76.15,77.54,75.83,77.38,21670715,1.61523,-2.986359177,22337802,76.89,76.91,0.0260112,42,0.788317
2,MCD,1303344000,76.89,78.41,76.4,76.91,17718174,0.0260112,-18.23908902,21670715,77.15,78.31,1.50356,36,0.793135
2,MCD,1304035200,77.15,78.59,76.54,78.31,22923015,1.50356,29.37571897,17718174,78.4,78.7,0.382653,28,0.778955
2,MCD,1304640000,78.4,79.37,78.2,78.7,26460318,0.382653,15.43122927,22923015,79.46,80.74,1.61087,21,0.775095
2,MCD,1305244800,79.46,80.91,79.08,80.74,26573357,1.61087,0.427201971,26460318,80.44,82.33,2.34958,14,0.755512
2,MCD,1305849600,80.44,82.85,80.44,82.33,27816875,2.34958,4.679566831,26573357,81.53,81.62,0.110389,7,0.740921
2,MCD,1306454400,81.53,83.08,81.49,81.62,26628471,0.110389,-4.27224122,27816875,82.13,80.54,-1.93596,0,0.747366
2,MCD,1307059200,82.13,82.25,80.01,80.54,23382621,-1.93596,-12.18939683,26628471,80.6,80.36,-0.297767,88,0.757388
2,MCD,1307664000,80.6,82.23,80,80.36,31264251,-0.297767,33.70721358,23382621,80.43,82.52,2.59853,81,0.759084
2,MCD,1308268800,80.43,82.72,80.39,82.52,27515629,2.59853,-11.99012252,31264251,82.32,81.84,-0.58309,74,0.739215
2,MCD,1308873600,82.32,83.09,81.4,81.84,28303321,-0.58309,2.862707591,27515629,81.51,85.65,5.07913,67,0.745357
2,MMM,1301616000,92.42,94.33,91.9,93.13,14958061,0.768232,-0.08244267,14970403,92.68,93.22,0.58265,47,0.590572
2,MMM,1302220800,92.68,94.1,92.6,93.22,12672220,0.58265,-15.28166652,14958061,93.59,92.82,-0.822737,40,0.590002
2,MMM,1302825600,93.59,94.64,91.75,92.82,15375510,-0.822737,21.33241058,12672220,91.94,93.92,2.15358,33,0.592545
2,MMM,1303344000,91.94,94.42,90.58,93.92,9718851,2.15358,-36.7900577,15375510,93.91,97.21,3.514,27,0.585605
2,MMM,1304035200,93.91,97.5,93.27,97.21,20655611,3.514,112.5314093,9718851,97.58,95.6,-2.0291,19,0.565785
2,MMM,1304640000,97.58,97.95,94.4,95.6,17031494,-2.0291,-17.54543596,20655611,95.3,96.01,0.745016,12,0.575314
2,MMM,1305244800,95.3,97.18,94.44,96.01,15657591,0.745016,-8.066837824,17031494,95.54,93.56,-2.07243,5,0.572857
2,MMM,1305849600,95.54,96.23,92.75,93.56,16596686,-2.07243,5.997697858,15657591,92.29,93.47,1.27858,89,0.587858
2,MMM,1306454400,92.29,93.47,91.38,93.47,11695384,1.27858,-29.53181135,16596686,94.05,90.7,-3.56194,82,0.588424
2,MMM,1307059200,94.05,94.68,90.19,90.7,12491882,-3.56194,6.810362105,11695384,90.38,90.73,0.387254,75,0.606395
2,MMM,1307664000,90.38,92.43,90.24,90.73,14734714,0.387254,17.95431625,12491882,91.14,91.78,0.702216,68,0.606194
2,MMM,1308268800,91.14,92.99,90.58,91.78,15549946,0.702216,5.532730394,14734714,91.42,90.89,-0.579742,61,0.599259
2,MMM,1308873600,91.42,93.92,90.68,90.89,15126028,-0.579742,-2.726170239,15549946,91.08,96.67,6.13746,54,0.605127
2,MRK,1301616000,32.54,33.48,32.39,33.07,60348951,1.62876,-8.749096661,66135182,33.34,33.67,0.989802,73,1.14908
2,MRK,1302220800,33.34,33.7,33.01,33.67,64799122,0.989802,7.37406521,60348951,33.68,34.51,2.46437,66,1.1286
2,MRK,1302825600,33.68,34.97,33.27,34.51,85533686,2.46437,31.99821751,64799122,34.2,34.04,-0.467836,59,1.10113
2,MRK,1303344000,34.2,34.29,33.51,34.04,47226349,-0.467836,-44.78625766,85533686,33.7,35.95,6.67656,53,1.11633
2,MRK,1304035200,33.7,36.25,33.63,35.95,83960030,6.67656,77.7821741,47226349,36.44,36.39,-0.137212,45,1.05702
2,MRK,1304640000,36.44,36.75,35.95,36.39,82810421,-0.137212,-1.36923367,83960030,36.11,37.08,2.68624,38,1.04424
2,MRK,1305244800,36.11,37.3,36.1,37.08,59693542,2.68624,-27.91542263,82810421,37.06,37.06,0,31,1.02481
2,MRK,1305849600,37.06,37.65,36.69,37.06,74833386,0,25.36261628,59693542,36.67,36.21,-1.25443,24,1.02536
2,MRK,1306454400,36.67,37.04,36.1,36.21,52416661,-1.25443,-29.95551344,74833386,36.39,35.82,-1.56636,17,1.04943
2,MRK,1307059200,36.39,36.76,35.76,35.82,46564832,-1.56636,-11.16406289,52416661,35.7,35.45,-0.70028,10,1.06086
2,MRK,1307664000,35.7,36.38,35.36,35.45,57259558,-0.70028,22.96738878,46564832,35.03,35.39,1.02769,3,1.07193
2,MRK,1308268800,35.03,35.88,34.99,35.39,57933495,1.02769,1.176986033,57259558,35.29,34.55,-2.09691,88,1.07375
2,MRK,1308873600,35.29,35.97,34.5,34.55,63163236,-2.09691,9.027145695,57933495,34.6,35.6,2.89017,81,1.09986
2,MSFT,1301616000,25.66,25.72,25.3,25.48,258143967,-0.701481,18.66221273,217545216,25.45,26.07,2.43615,46,0.627944
2,MSFT,1302220800,25.45,26.31,25.41,26.07,260749872,2.43615,1.009477398,258143967,26.19,25.37,-3.13097,39,0.613732
2,MSFT,1302825600,26.19,26.25,25.09,25.37,229693684,-3.13097,-11.91033682,260749872,25.1,25.52,1.67331,32,0.630666
2,MSFT,1303344000,25.1,26,24.72,25.52,158547201,1.67331,-30.97450559,229693684,25.56,25.92,1.40845,26,0.626959
2,MSFT,1304035200,25.56,26.87,25.34,25.92,554889924,1.40845,249.9840555,158547201,25.94,25.87,-0.269854,18,0.617284
2,MSFT,1304640000,25.94,26.25,25.48,25.87,346656165,-0.269854,-37.52703915,554889924,25.8,25.03,-2.9845,11,0.618477
2,MSFT,1305244800,25.8,25.96,24.95,25.03,382293426,-2.9845,10.28029056,346656165,24.96,24.49,-1.88301,4,0.639233
2,MSFT,1305849600,24.96,25.07,24.25,24.49,311462943,-1.88301,-18.5277795,382293426,24.21,24.76,2.27179,88,0.653328
2,MSFT,1306454400,24.21,25.03,24.03,24.76,213316051,2.27179,-31.51157921,311462943,24.96,23.9,-4.24679,81,0.646204
2,MSFT,1307059200,24.96,25.1,23.84,23.9,246418070,-4.24679,15.51782852,213316051,23.9,23.7,-0.83682,74,0.669456
2,MSFT,1307664000,23.9,24.25,23.69,23.7,230307366,-0.83682,-6.537955597,246418070,23.79,24.26,1.97562,67,0.675106
2,MSFT,1308268800,23.79,29.05,23.65,24.26,280430166,1.97562,21.76343765,230307366,24.17,24.3,0.537857,60,0.659522
2,MSFT,1308873600,24.17,24.86,24.16,24.3,309206180,0.537857,10.26138322,280430166,24.23,26.02,7.38754,53,0.658436
2,PFE,1301616000,20.42,20.57,20.11,20.38,170424399,-0.195886,-21.06861801,215914627,20.55,20.46,-0.437956,40,0.981354
2,PFE,1302220800,20.55,20.61,20.15,20.46,199157969,-0.437956,16.86000958,170424399,20.55,20.53,-0.0973236,33,0.977517
2,PFE,1302825600,20.55,20.75,20.33,20.53,209481824,-0.0973236,5.183751899,199157969,20.32,19.79,-2.60827,26,0.974184
2,PFE,1303344000,20.32,20.88,19.79,19.79,143338656,-2.60827,-31.57465728,209481824,19.95,20.97,5.11278,20,1.01061
2,PFE,1304035200,19.95,21.06,19.9,20.97,205782608,5.11278,43.56393017,143338656,21.14,20.55,-2.79092,12,0.953743
2,PFE,1304640000,21.14,21.2,20.07,20.55,273973053,-2.79092,33.13712741,205782608,20.53,20.92,1.89966,5,0.973236
2,PFE,1305244800,20.53,20.99,20.45,20.92,180162306,1.89966,-34.24086638,273973053,20.84,20.69,-0.71977,82,0.956023
2,PFE,1305849600,20.84,21.28,20.68,20.69,249113161,-0.71977,38.27152112,180162306,20.49,20.93,2.14739,75,0.966651
2,PFE,1306454400,20.49,20.98,20.35,20.93,162550095,2.14739,-34.74849167,249113161,21,20.84,-0.761905,68,0.955566
2,PFE,1307059200,21,21.45,20.66,20.84,169014117,-0.761905,3.976633788,162550095,20.82,20.11,-3.41018,61,0.959693
2,PFE,1307664000,20.82,20.97,20.04,20.11,196181321,-3.41018,16.07392594,169014117,20.08,20.26,0.896414,54,0.99453
2,PFE,1308268800,20.08,20.73,20.03,20.26,229372501,0.896414,16.91862397,196181321,20.09,20.08,-0.049776,47,0.987167
2,PFE,1308873600,20.09,20.96,20.08,20.08,259247639,-0.049776,13.02472523,229372501,20.1,20.75,3.23383,40,0.996016
2,PG,1301616000,61.08,62.3,60.61,62.08,43453701,1.6372,5.08461251,41351155,62.17,61.9,-0.434293,26,0.853737
2,PG,1302220800,62.17,62.33,61.47,61.9,38792072,-0.434293,-10.72780659,43453701,62.02,64.18,3.48275,19,0.85622
2,PG,1302825600,62.02,64.21,61.9,64.18,51918017,3.48275,33.836669,38792072,63.67,63.27,-0.628239,12,0.825802
2,PG,1303344000,63.67,64.34,63.27,63.27,29487333,-0.628239,-43.2040461,51918017,63.08,64.9,2.88523,6,0.83768
2,PG,1304035200,63.08,65.1,62.6,64.9,53544624,2.88523,81.58517083,29487333,65.24,65.27,0.0459841,82,0.816641
2,PG,1304640000,65.24,66.5,64.9,65.27,55046479,0.0459841,2.804866087,53544624,64.93,66.86,2.97243,75,0.812012
2,PG,1305244800,64.93,67.31,64.86,66.86,49677302,2.97243,-9.753897247,55046479,66.66,67.36,1.0501,68,0.792701
2,PG,1305849600,66.66,67.72,66.51,67.36,47738539,1.0501,-3.90271396,49677302,66.8,66.2,-0.898204,61,0.786817
2,PG,1306454400,66.8,67.2,65.7,66.2,37114265,-0.898204,-22.25513018,47738539,66.33,65.43,-1.35685,54,0.800604
2,PG,1307059200,66.33,67,56.57,65.43,37312488,-1.35685,0.534088443,37114265,65.36,64.7,-1.00979,47,0.810026
2,PG,1307664000,65.36,65.64,64.65,64.7,48599369,-1.00979,30.24960705,37312488,64.65,64.69,0.0618716,40,0.819165
2,PG,1308268800,64.65,65.22,63.33,64.69,46861128,0.0618716,-3.57667401,48599369,64.51,62.59,-2.97628,33,0.819292
2,PG,1308873600,64.51,65.29,62.44,62.59,53025186,-2.97628,13.15388311,46861128,62.76,64.27,2.40599,26,0.846781
2,T,1301616000,29.02,30.97,28.9,30.62,384284485,5.51344,127.2456535,169105318,30.74,30.71,-0.0975927,5,1.40431
2,T,1302220800,30.74,31,29.99,30.71,148206324,-0.0975927,-61.43317522,384284485,30.75,30.65,-0.325203,89,1.4002
2,T,1302825600,30.75,30.84,30.01,30.65,108080405,-0.325203,-27.07436357,148206324,30.42,30.68,0.854701,82,1.40294
2,T,1303344000,30.42,30.68,29.91,30.68,76563904,0.854701,-29.16023584,108080405,30.67,31.12,1.46723,76,1.40156
2,T,1304035200,30.67,31.82,30.43,31.12,112339712,1.46723,46.72672909,76563904,31.6,31.26,-1.07595,68,1.38175
2,T,1304640000,31.6,31.94,31.03,31.26,156030184,-1.07595,38.89138687,112339712,31.2,31.41,0.673077,61,1.37556
2,T,1305244800,31.2,31.79,31.05,31.41,92523592,0.673077,-40.70147863,156030184,31.32,31.32,0,54,1.36899
2,T,1305849600,31.32,31.77,30.9,31.32,102539987,0,10.82577404,92523592,31,31.29,0.935484,47,1.37292
2,T,1306454400,31,31.3,30.92,31.29,73854767,0.935484,-27.97466709,102539987,31.48,30.65,-2.63659,40,1.37424
2,T,1307059200,31.48,31.65,30.52,30.65,85085937,-2.63659,15.20710234,73854767,30.55,30.34,-0.687398,33,1.40294
2,T,1307664000,30.55,30.61,30.11,30.34,95255686,-0.687398,11.9523265,85085937,30.28,30.77,1.61823,26,1.41727
2,T,1308268800,30.28,30.95,30.17,30.77,114504788,1.61823,20.20782465,95255686,30.66,30.44,-0.717547,19,1.39747
2,T,1308873600,30.66,31.33,30.29,30.44,116043866,-0.717547,1.344116719,114504788,30.65,31.68,3.36052,12,1.41261
2,TRV,1301616000,59.09,60.01,58.37,59.71,16608737,1.04925,17.56965399,14126721,59.83,59.58,-0.417851,68,0.686652
2,TRV,1302220800,59.83,60,59.11,59.58,12307164,-0.417851,-25.89945882,16608737,59.85,59.8,-0.0835422,61,0.68815
2,TRV,1302825600,59.85,60.85,59,59.8,15459751,-0.0835422,25.61586894,12307164,59.32,61.32,3.37154,54,0.685619
2,TRV,1303344000,59.32,61.32,58.07,61.32,10135730,3.37154,-34.43794793,15459751,61.32,63.28,3.19635,48,0.668624
2,TRV,1304035200,61.32,63.37,60.91,63.28,16046782,3.19635,58.3189568,10135730,63.56,63.43,-0.204531,40,0.647914
2,TRV,1304640000,63.56,64.17,62.85,63.43,14335889,-0.204531,-10.66190717,16046782,63.23,62.33,-1.42338,33,0.646382
2,TRV,1305244800,63.23,64.09,62.18,62.33,14388418,-1.42338,0.366416063,14335889,62.52,62.25,-0.431862,26,0.657789
2,TRV,1305849600,62.52,63.11,62.13,62.25,11795580,-0.431862,-18.02031328,14388418,61.74,61.52,-0.356333,19,0.658635
2,TRV,1306454400,61.74,62,60.36,61.52,12344531,-0.356333,4.653870348,11795580,61.95,61.18,-1.24294,12,0.66645
2,TRV,1307059200,61.95,62.25,60.59,61.18,13535632,-1.24294,9.648815334,12344531,61.35,59.21,-3.48818,5,0.670154
2,TRV,1307664000,61.35,61.68,58.71,59.21,18091902,-3.48818,33.66130226,13535632,59.12,57.92,-2.02977,89,0.692451
2,TRV,1308268800,59.12,59.32,57.36,57.92,20647583,-2.02977,14.1261046,18091902,57.57,56.68,-1.54594,82,0.707873
2,TRV,1308873600,57.57,58.28,56.12,56.68,20959450,-1.54594,1.510428606,20647583,56.83,59.11,4.01197,75,0.723359
2,UTX,1301616000,83.75,85.95,83.26,85.32,16314122,1.87463,-14.28385283,19032729,85.66,84.81,-0.992295,47,0.562588
2,UTX,1302220800,85.66,86,84.18,84.81,11690792,-0.992295,-28.339435,16314122,85,83.45,-1.82353,40,0.565971
2,UTX,1302825600,85,85.56,82.7,83.45,17017620,-1.82353,45.56430394,11690792,82.6,87.1,5.44794,33,0.575195
2,UTX,1303344000,82.6,87.1,81.1,87.1,16859647,5.44794,-0.928290795,17017620,87,89.58,2.96552,27,0.551091
2,UTX,1304035200,87,89.8,86.29,89.58,20800024,2.96552,23.37164592,16859647,90.03,89.21,-0.910807,19,0.535834
2,UTX,1304640000,90.03,90.67,85.8,89.21,21797524,-0.910807,4.795667543,20800024,88.88,88.98,0.112511,12,0.538056
2,UTX,1305244800,88.88,90.18,88.35,88.98,17420630,0.112511,-20.07977603,21797524,88.46,87.5,-1.08524,5,0.539447
2,UTX,1305849600,88.46,89.25,86.65,87.5,22021867,-1.08524,26.41257521,17420630,86.41,86.33,-0.0925819,89,0.548571
2,UTX,1306454400,86.41,86.72,85.21,86.33,15097865,-0.0925819,-31.44148496,22021867,87,83.24,-4.32184,82,0.556006
2,UTX,1307059200,87,87.79,82.43,83.24,21179642,-4.32184,40.28236443,15097865,82.93,82.7,-0.277342,75,0.576646
2,UTX,1307664000,82.93,84.52,82.6,82.7,20109892,-0.277342,-5.050840803,21179642,82.92,84.57,1.98987,68,0.580411
2,UTX,1308268800,82.92,85.26,82.52,84.57,22074891,1.98987,9.771305584,20109892,84.36,84.33,-0.0355619,61,0.567577
2,UTX,1308873600,84.36,86.21,83.69,84.33,20775217,-0.0355619,-5.88756701,22074891,84.01,90.13,7.28485,54,0.569192
2,VZ,1301616000,37.44,38.95,37.42,38.47,96766651,2.75107,21.55977938,79604168,38.53,37.72,-2.10226,5,1.27372
2,VZ,1302220800,38.53,38.7,37.26,37.72,62429599,-2.10226,-35.48438604,96766651,37.75,37.85,0.264901,89,1.29905
2,VZ,1302825600,37.75,38,37.34,37.85,55355691,0.264901,-11.33101624,62429599,37.6,36.91,-1.83511,82,1.29458
2,VZ,1303344000,37.6,38,36.91,36.91,37735134,-1.83511,-31.83151846,55355691,37.07,37.78,1.9153,76,1.32755
2,VZ,1304035200,37.07,38.42,36.82,37.78,68330713,1.9153,81.07982073,37735134,38.33,37.28,-2.73937,68,1.29698
2,VZ,1304640000,38.33,38.33,36.9,37.28,84281362,-2.73937,23.3433083,68330713,37.28,37.26,-0.0536481,61,1.31438
2,VZ,1305244800,37.28,37.68,36.95,37.26,50917728,-0.0536481,-39.58601666,84281362,37.26,37.15,-0.295223,54,1.31508
2,VZ,1305849600,37.26,37.41,36.8,37.15,53263954,-0.295223,4.607876455,50917728,36.75,36.67,-0.217687,47,1.31898
2,VZ,1306454400,36.75,37.03,36.24,36.67,43400125,-0.217687,-18.51876975,53263954,36.91,35.63,-3.46789,40,1.33624
2,VZ,1307059200,36.91,36.99,35.6,35.63,50174214,-3.46789,15.60845504,43400125,35.57,35.19,-1.06832,33,1.37525
2,VZ,1307664000,35.57,36.14,35.16,35.19,72100710,-1.06832,43.70072643,50174214,35.23,35.51,0.794777,26,1.39244
2,VZ,1308268800,35.23,35.92,34.94,35.51,69585912,0.794777,-3.487896305,72100710,35.35,36,1.83876,19,1.37989
2,VZ,1308873600,35.35,36.17,35.2,36,82375230,1.83876,18.3791771,69585912,36,37.8,5,12,1.36111
2,WMT,1301616000,52.31,52.74,51.89,52.13,44519431,-0.344102,-16.60713204,53385178,52.31,52.54,0.439686,40,0.709764
2,WMT,1302220800,52.31,53.24,52.06,52.54,48382262,0.439686,8.676730392,44519431,52.54,53.55,1.92234,33,0.704225
2,WMT,1302825600,52.54,53.96,52.4,53.55,45662991,1.92234,-5.620388315,48382262,53.08,53.58,0.941974,26,0.690943
2,WMT,1303344000,53.08,53.95,52.91,53.58,23073491,0.941974,-49.47004019,45662991,53.6,54.98,2.57463,20,0.690556
2,WMT,1304035200,53.6,55.16,53.23,54.98,47159044,2.57463,104.3862543,23073491,55.08,55.02,-0.108932,12,0.672972
2,WMT,1304640000,55.08,55.79,53.2,55.02,46668727,-0.108932,-1.039709372,47159044,54.97,55.72,1.36438,5,0.672483
2,WMT,1305244800,54.97,56.03,54.7,55.72,42649301,1.36438,-8.612675465,46668727,55.61,55.29,-0.575436,89,0.664034
2,WMT,1305849600,55.61,56.47,54.95,55.29,56695842,-0.575436,32.93498527,42649301,54.9,54.7,-0.364299,82,0.669199
2,WMT,1306454400,54.9,55.5,54.1,54.7,35560853,-0.364299,-37.27784658,56695842,54.88,53.66,-2.22303,75,0.676417
2,WMT,1307059200,54.88,55.22,53.04,53.66,48156051,-2.22303,35.41871732,35560853,53.86,52.72,-2.1166,68,0.689527
2,WMT,1307664000,53.86,54.3,52.69,52.72,58746396,-2.1166,21.99172229,48156051,52.91,52.82,-0.1701,61,0.701821
2,WMT,1308268800,52.91,53.29,51.79,52.82,68996550,-0.1701,17.44814099,58746396,52.7,52.41,-0.550285,54,0.700492
2,WMT,1308873600,52.7,53.7,52.35,52.41,75602550,-0.550285,9.574391763,68996550,52.32,53.51,2.27446,47,0.705972
2,XOM,1301616000,83.86,84.94,82.61,84.68,77569311,0.97782,-6.95164475,83364516,84.26,85.95,2.0057,40,0.555031
2,XOM,1302220800,84.26,86.22,84.07,85.95,75566590,2.0057,-2.581847092,77569311,85.95,84.29,-1.93136,33,0.54683
2,XOM,1302825600,85.95,86.15,82.38,84.29,81056144,-1.93136,7.264525235,75566590,83.11,86.36,3.91048,26,0.557599
2,XOM,1303344000,83.11,86.36,82.44,86.36,43378708,3.91048,-46.48313396,81056144,86.29,87.98,1.95851,20,0.544233
2,XOM,1304035200,86.29,88,85.89,87.98,81596868,1.95851,88.10349999,43378708,88.1,82.69,-6.14075,12,0.534212
2,XOM,1304640000,88.1,88.13,81.59,82.69,113805856,-6.14075,39.4733141,81596868,83.01,80.87,-2.578,5,0.568388
2,XOM,1305244800,83.01,83.76,79.42,80.87,99678100,-2.578,-12.41390953,113805856,80.22,81.57,1.68287,89,0.58118
2,XOM,1305849600,80.22,82.58,79.6,81.57,86758820,1.68287,-12.96100146,99678100,80.22,82.63,3.00424,82,0.576192
2,XOM,1306454400,80.22,82.63,80.07,82.63,68230855,3.00424,-21.35571346,86758820,83.28,81.18,-2.52161,75,0.568801
2,XOM,1307059200,83.28,83.75,80.18,81.18,78616295,-2.52161,15.2210316,68230855,80.93,79.78,-1.42098,68,0.57896
2,XOM,1307664000,80.93,81.87,79.72,79.78,92380844,-1.42098,17.50851907,78616295,80,79.02,-1.225,61,0.58912
2,XOM,1308268800,80,80.82,78.33,79.02,100521400,-1.225,8.8119524,92380844,78.65,76.78,-2.37762,54,0.594786
2,XOM,1308873600,78.65,81.12,76.78,76.78,118679791,-2.37762,18.06420424,100521400,76.88,82.01,6.67274,47,0.612139